,Id,SalePrice
0,1461,135392.50926447488
1,1462,157297.64541749426
2,1463,167491.53279053327
3,1464,211388.00766437053
4,1465,203700.4477935283
5,1466,190006.21880848552
6,1467,177269.99683394737
7,1468,186321.95454622348
8,1469,189732.87284671917
9,1470,92349.62436945415
10,1471,199582.95592060025
11,1472,111430.43002839273
12,1473,105922.5474351107
13,1474,177322.8772674307
14,1475,136840.5881326813
15,1476,380813.987492515
16,1477,271371.319357148
17,1478,329348.6592354825
18,1479,323132.6521763053
19,1480,391391.7315697544
20,1481,267889.5712990184
21,1482,231543.13795469675
22,1483,191666.39802195935
23,1484,192432.18631096554
24,1485,227066.5610887643
25,1486,221860.09643339762
26,1487,278970.56867220043
27,1488,257464.02742748795
28,1489,201710.78641715314
29,1490,200120.09299222898
30,1491,227864.69035186106
31,1492,102166.89634148942
32,1493,207479.29011284764
33,1494,286013.71997794654
34,1495,257985.65916047324
35,1496,210022.76230757032
36,1497,166560.24674456756
37,1498,174911.69652806167
38,1499,171734.26944455423
39,1500,152896.84292510728
40,1501,162430.71089886472
41,1502,172115.7562250307
42,1503,268362.0537903395
43,1504,245745.34712447954
44,1505,215280.2341945536
45,1506,189581.45879554196
46,1507,234542.4069750255
47,1508,220436.60633245262
48,1509,165112.94894616966
49,1510,132131.83035123968
50,1511,136115.77091768078
51,1512,162537.0806561935
52,1513,166775.85935624084
53,1514,137933.62024237833
54,1515,179628.4228899493
55,1516,186393.9656821341
56,1517,168611.0606367035
57,1518,143645.04768008535
58,1519,215749.32726926325
59,1520,113757.85737715506
60,1521,116822.61486029661
61,1522,178877.64265696058
62,1523,89725.21170897305
63,1524,111850.68962776179
64,1525,111369.53885084497
65,1526,102758.27207276905
66,1527,82523.34765263383
67,1528,135423.44787764334
68,1529,139139.3259075107
69,1530,185501.5997157361
70,1531,126701.10585895934
71,1532,95553.0921360277
72,1533,146972.6948068314
73,1534,141559.90275673635
74,1535,149608.1642835486
75,1536,96649.29446193238
76,1537,45114.4156454319
77,1538,208679.65503350022
78,1539,243774.15622506072
79,1540,122390.37955659421
80,1541,167461.7132451704
81,1542,135561.3522995161
82,1543,196952.36432896287
83,1544,65323.19853985851
84,1545,104626.9050456653
85,1546,187293.74013258444
86,1547,166285.50938318187
87,1548,141265.0922340554
88,1549,126895.55989654911
89,1550,136589.08462727838
90,1551,114104.71691509499
91,1552,156497.17592235235
92,1553,152892.5144370866
93,1554,122739.55777069197
94,1555,185261.28018367593
95,1556,76992.28868322527
96,1557,67215.10482386994
97,1558,117501.80152266107
98,1559,54131.70051042325
99,1560,127716.75688944166
100,1561,79748.14134893226
101,1562,133031.9193599709
102,1563,98731.651949483
103,1564,147342.93880497437
104,1565,172784.9550586507
105,1566,215059.82925745207
106,1567,62354.04905222524
107,1568,223728.27705572578
108,1569,144291.57523247565
109,1570,177685.39709923905
110,1571,136668.0472249986
111,1572,117727.16826811885
112,1573,234289.31101457434
113,1574,121620.58568219178
114,1575,199995.11661864963
115,1576,266341.5753701116
116,1577,206996.52026214253
117,1578,171311.25971146254
118,1579,123194.67291905168
119,1580,228370.90366735152
120,1581,138736.6056806415
121,1582,122089.09299018321
122,1583,279060.0365929508
123,1584,250313.98308234155
124,1585,143351.07218517162
125,1586,71318.87937124807
126,1587,128533.0713402568
127,1588,124792.49858163088
128,1589,100994.93611919305
129,1590,141200.3828788584
130,1591,64583.72085561899
131,1592,113973.9297989499
132,1593,137712.18345588958
133,1594,102854.50229142286
134,1595,102296.03691143195
135,1596,195817.48900982633
136,1597,192332.06261795637
137,1598,219777.28512795354
138,1599,197733.39287890343
139,1600,208272.58117627673
140,1601,16803.065612524486
141,1602,112251.48827125506
142,1603,87549.90664141593
143,1604,216988.12664223558
144,1605,274386.9682899746
145,1606,193770.60448167138
146,1607,201990.32781607797
147,1608,230111.1759024097
148,1609,218254.3134063798
149,1610,158220.09936352255
150,1611,167240.10374339187
151,1612,180831.8433525003
152,1613,189073.3580433029
153,1614,120154.85216887866
154,1615,73182.41467164073
155,1616,56712.794434199735
156,1617,82559.50621442976
157,1618,123262.26332224833
158,1619,149696.18480938347
159,1620,180783.54135102953
160,1621,142663.53342215467
161,1622,144862.843800703
162,1623,244543.42495696998
163,1624,215805.90131867523
164,1625,139671.64191976894
165,1626,185073.97030719375
166,1627,197232.8718212352
167,1628,279637.76126137667
168,1629,204881.71288237342
169,1630,260938.47311628677
170,1631,198798.391333222
171,1632,220790.3280179898
172,1633,206172.57825696652
173,1634,187161.47202938912
174,1635,195662.77723165578
175,1636,186503.36124715136
176,1637,176546.12552873156
177,1638,227793.40172632624
178,1639,195340.54230449902
179,1640,248304.38129194218
180,1641,189799.67830484954
181,1642,273818.7263527684
182,1643,245736.58750133266
183,1644,246354.1934776839
184,1645,189643.7876285177
185,1646,187476.9785866336
186,1647,183668.30922071033
187,1648,127631.73542767308
188,1649,135349.06632739952
189,1650,95604.76057387574
190,1651,114173.43795610762
191,1652,116678.3098401445
192,1653,123310.27671008385
193,1654,174618.51478580807
194,1655,160759.41105332473
195,1656,163399.6287767657
196,1657,174977.18376674564
197,1658,163560.5396119281
198,1659,144604.2805486117
199,1660,159360.48669706055
200,1661,402976.6939218076
201,1662,362352.5772179533
202,1663,338423.91260435246
203,1664,381406.16923429794
204,1665,334536.090182228
205,1666,291699.71431941603
206,1667,340637.2157159144
207,1668,351704.45979449153
208,1669,318805.61359930993
209,1670,338000.7629703025
210,1671,244580.51327993057
211,1672,375668.88310693565
212,1673,308389.47075414483
213,1674,250082.42477323057
214,1675,193126.20403177247
215,1676,188496.65286149038
216,1677,217111.6696997298
217,1678,370273.7190578431
218,1679,326195.40203178383
219,1680,318667.67915570585
220,1681,300006.7706734595
221,1682,279838.55412406824
222,1683,206701.1084061525
223,1684,234810.6461788473
224,1685,201658.4628509858
225,1686,191491.5558333337
226,1687,210171.00528669375
227,1688,221154.8753140188
228,1689,224098.9889535861
229,1690,232199.97202969895
230,1691,219346.89696834155
231,1692,270179.69582448783
232,1693,209564.96960072493
233,1694,191752.80608670806
234,1695,209892.64410732713
235,1696,255673.20168664737
236,1697,216172.30508281433
237,1698,312419.1933047541
238,1699,276357.83743522526
239,1700,230966.07283125762
240,1701,263693.69419769454
241,1702,261121.00520224875
242,1703,262494.8264407695
243,1704,266153.5654078977
244,1705,243160.4895852892
245,1706,370007.27047423983
246,1707,213044.62504952555
247,1708,217300.71428307166
248,1709,294854.4240166359
249,1710,241437.21869219517
250,1711,276718.1738727597
251,1712,266855.51547182107
252,1713,300826.25341730437
253,1714,203654.62550416164
254,1715,206004.981699356
255,1716,201169.39258842362
256,1717,188210.80247575667
257,1718,126801.06563537118
258,1719,225763.3004483804
259,1720,241930.7714032295
260,1721,199880.04456736724
261,1722,127137.29260454017
262,1723,170329.5742663749
263,1724,232364.6508874567
264,1725,238870.50158179284
265,1726,186074.96548563123
266,1727,165101.93661101413
267,1728,200146.77684910377
268,1729,175946.85790692526
269,1730,187146.82030685933
270,1731,114394.90534370141
271,1732,136883.7716404282
272,1733,113030.89023265667
273,1734,114012.52644225192
274,1735,144480.023176501
275,1736,116215.98135097772
276,1737,285222.610496673
277,1738,245994.42843047951
278,1739,254418.6586484069
279,1740,206472.62061378307
280,1741,178974.22491338683
281,1742,151039.5764206252
282,1743,193771.41646272945
283,1744,302373.3504220958
284,1745,205708.59218099457
285,1746,197888.3946230299
286,1747,250338.16298629995
287,1748,215720.60215966497
288,1749,154964.19589427134
289,1750,117011.05587782516
290,1751,252190.81347934308
291,1752,112993.73974894578
292,1753,136466.5362843324
293,1754,201544.06595358232
294,1755,171360.71835136003
295,1756,116544.18690728201
296,1757,118944.59046314603
297,1758,138494.99419834168
298,1759,178203.4957223814
299,1760,163234.68781255116
300,1761,146095.1288811234
301,1762,171144.31368615935
302,1763,186530.65394624483
303,1764,108360.64714879224
304,1765,144553.78353532596
305,1766,186365.2626702039
306,1767,212409.22798709403
307,1768,124734.12995264166
308,1769,190162.3756370269
309,1770,170442.29271076116
310,1771,100870.32867832153
311,1772,133179.08876758645
312,1773,109647.18553010418
313,1774,143201.91625929953
314,1775,143179.75089710398
315,1776,133017.8133062354
316,1777,98167.74801690281
317,1778,126080.68822836487
318,1779,138734.30310221115
319,1780,203921.13944127836
320,1781,117594.07990522542
321,1782,63277.070213241415
322,1783,169462.42116822247
323,1784,87934.94283411483
324,1785,163172.86443084796
325,1786,144554.2742532205
326,1787,189273.00842038437
327,1788,26435.393394073122
328,1789,110412.42033606225
329,1790,43064.36083705019
330,1791,229131.17759589886
331,1792,150667.9931878247
332,1793,158985.15305408585
333,1794,177870.56430593718
334,1795,138621.21354807954
335,1796,146185.18083814345
336,1797,135559.25244385388
337,1798,117833.34516462752
338,1799,100062.72067327735
339,1800,112785.79047483226
340,1801,118331.79952386316
341,1802,142673.8726048576
342,1803,167466.44129280053
343,1804,134628.7578901305
344,1805,149287.34448205755
345,1806,146376.2952170781
346,1807,200669.70646145492
347,1808,153179.53436242306
348,1809,128047.24375990951
349,1810,143669.51106494028
350,1811,70499.17826282997
351,1812,69991.68573823149
352,1813,130724.31647868194
353,1814,87647.96225281726
354,1815,19733.898997496115
355,1816,115326.15686754792
356,1817,119463.37120931289
357,1818,220196.87714997874
358,1819,179196.06472636128
359,1820,39046.94277801216
360,1821,106848.21080667601
361,1822,197642.2961279279
362,1823,14401.85403534089
363,1824,142612.00941226698
364,1825,155539.92389359826
365,1826,92651.7120935324
366,1827,79310.21924308421
367,1828,128785.94974998051
368,1829,143909.45518387534
369,1830,192720.5319537848
370,1831,179914.80287304826
371,1832,77766.16262029616
372,1833,156721.27410709567
373,1834,149181.31444622384
374,1835,135761.02817976987
375,1836,104787.42556042221
376,1837,58428.46865595151
377,1838,157639.2355494919
378,1839,103095.02004881814
379,1840,112536.04580910971
380,1841,116307.55405867615
381,1842,115776.62347532513
382,1843,145808.23122047057
383,1844,150788.07838895248
384,1845,170991.0872029211
385,1846,169194.11594830046
386,1847,175592.90386784796
387,1848,-6052.380264911742
388,1849,119550.01576791983
389,1850,116861.09675166818
390,1851,168757.4964282745
391,1852,132827.70496260657
392,1853,120983.50018424318
393,1854,173433.16557106472
394,1855,183834.62981558728
395,1856,236353.28951894876
396,1857,183937.33566379567
397,1858,128252.9031136721
398,1859,119841.80435700346
399,1860,146521.9067833505
400,1861,119826.2151102058
401,1862,265276.00803007715
402,1863,259726.2361701074
403,1864,259778.67272751775
404,1865,367863.2764091856
405,1866,345413.5487090072
406,1867,256231.01564312057
407,1868,260425.391489736
408,1869,220202.08539864092
409,1870,232759.07914404874
410,1871,268021.324310518
411,1872,207687.4921118621
412,1873,230776.37736743328
413,1874,134057.89413439902
414,1875,189248.90958824678
415,1876,196338.6670717069
416,1877,205857.96917496072
417,1878,207858.2723148433
418,1879,104218.1191664554
419,1880,129675.73272302363
420,1881,242226.0777584883
421,1882,260607.76517648005
422,1883,203232.12388474005
423,1884,209250.39835333833
424,1885,233029.62304006403
425,1886,249161.62396732564
426,1887,223231.389252558
427,1888,264720.71833337063
428,1889,195732.4266449891
429,1890,125642.24521681387
430,1891,160015.70643837095
431,1892,89917.88229884728
432,1893,121014.15218275817
433,1894,125280.9320357556
434,1895,150910.94729653344
435,1896,145020.4852173313
436,1897,131417.53473979316
437,1898,125246.85495740268
438,1899,168345.5068029264
439,1900,161254.39813014932
440,1901,168863.43174996017
441,1902,114356.2113274338
442,1903,248266.72803281643
443,1904,118283.61924544998
444,1905,181916.14551891902
445,1906,173041.37592377624
446,1907,196574.88511144134
447,1908,148517.0623694773
448,1909,158641.64039198926
449,1910,150207.20420637715
450,1911,189198.09783705467
451,1912,309638.62436680234
452,1913,182287.56486642457
453,1914,33778.11845497234
454,1915,275582.4035904147
455,1916,50140.38867156766
456,1917,257477.74262904323
457,1918,154531.40981900954
458,1919,182466.5236097003
459,1920,135603.96600076472
460,1921,355607.50516336656
461,1922,328474.96039738925
462,1923,218705.79958187402
463,1924,234299.05507395152
464,1925,227004.26929372197
465,1926,342770.88080302346
466,1927,144909.75569463352
467,1928,177042.65334943603
468,1929,111277.31299153765
469,1930,139245.78202332908
470,1931,152115.80679217904
471,1932,135806.27600146254
472,1933,189601.08247736198
473,1934,195139.6611375847
474,1935,186746.90054425976
475,1936,184102.12460466617
476,1937,195131.79409392312
477,1938,170440.20797981173
478,1939,224618.04647731726
479,1940,203792.56607005995
480,1941,180973.75740061342
481,1942,190571.56333670046
482,1943,210023.3815683589
483,1944,340192.7109751175
484,1945,335009.66024489945
485,1946,206187.0591657483
486,1947,303010.9221253904
487,1948,224571.34279144357
488,1949,271287.4534306799
489,1950,199867.86270682467
490,1951,241509.5131726683
491,1952,212006.44872553612
492,1953,188561.01991760315
493,1954,213520.34999135285
494,1955,149737.75924116492
495,1956,306918.7567492676
496,1957,166333.31827173286
497,1958,289214.48122305796
498,1959,144665.2290994746
499,1960,79350.1358347897
500,1961,120424.53047458254
501,1962,116678.3098401445
502,1963,126358.61188696572
503,1964,116809.98009931593
504,1965,165766.1516680433
505,1966,153727.42571690012
506,1967,272505.56662869884
507,1968,331365.8479516165
508,1969,335657.67881822307
509,1970,350513.8124413366
510,1971,406939.79457412916
511,1972,366788.69494959665
512,1973,288594.49262132467
513,1974,331303.0250232207
514,1975,314010.4635894776
515,1976,264565.60204107675
516,1977,303151.0573353894
517,1978,293585.35040260607
518,1979,349485.1887006068
519,1980,219756.18629596743
520,1981,338508.1816933177
521,1982,233159.3085925029
522,1983,233159.3085925029
523,1984,194021.49136754396
524,1985,220420.77378502555
525,1986,233058.51873871783
526,1987,206319.29377514063
527,1988,213130.73821989552
528,1989,219290.2450406456
529,1990,241338.17419761646
530,1991,230945.00350889747
531,1992,223511.8974019183
532,1993,207640.3087831423
533,1994,224980.21616154042
534,1995,213052.67155411583
535,1996,267967.7346037035
536,1997,335799.4150070128
537,1998,251492.7583087444
538,1999,297133.17371166765
539,2000,295457.2191041162
540,2001,263542.80678241194
541,2002,237298.02233559225
542,2003,276838.5898545946
543,2004,292011.80260826985
544,2005,232475.77083709947
545,2006,235363.87721283568
546,2007,258563.9799694164
547,2008,212097.68706609728
548,2009,197379.67383441597
549,2010,228664.96800683253
550,2011,144936.6697028395
551,2012,200224.51649838994
552,2013,181731.47437322326
553,2014,190609.00044171727
554,2015,207338.3192469833
555,2016,198577.93766035364
556,2017,205549.45050351397
557,2018,122224.93049198716
558,2019,150983.40560527213
559,2020,104125.49598595873
560,2021,85782.44638963058
561,2022,200317.95389017943
562,2023,136374.05001823074
563,2024,235897.32128287942
564,2025,302140.46677021286
565,2026,186682.63153883096
566,2027,165214.82898568083
567,2028,177452.01592527083
568,2029,156038.83332121218
569,2030,283071.0819685819
570,2031,231057.02384186958
571,2032,277437.9661318118
572,2033,281506.07952710835
573,2034,178093.2531498103
574,2035,220854.98200469633
575,2036,221402.05083423696
576,2037,223534.86862005803
577,2038,340675.7373727477
578,2039,206009.95598729223
579,2040,297099.59167660744
580,2041,319584.2351472463
581,2042,213066.46443692723
582,2043,178506.32218510154
583,2044,173495.10697381804
584,2045,249295.101222528
585,2046,155705.8437963581
586,2047,149709.1272277278
587,2048,136322.42971375797
588,2049,163362.31969889835
589,2050,189036.997698162
590,2051,97558.54492486609
591,2052,103993.33833947849
592,2053,141767.0414720029
593,2054,88681.48667484136
594,2055,153216.68356899102
595,2056,162408.0205442613
596,2057,106233.529686898
597,2058,237573.9852926477
598,2059,133105.36373218131
599,2060,169292.15386203563
600,2061,163406.42370372027
601,2062,108860.55703865856
602,2063,122703.70857243425
603,2064,140577.6450313581
604,2065,139334.79167239682
605,2066,193015.57553888496
606,2067,122153.05328442217
607,2068,161017.77754166565
608,2069,60763.01423456869
609,2070,114300.32651225923
610,2071,76696.49614598046
611,2072,193238.12111625005
612,2073,132576.72812217014
613,2074,200719.85518265417
614,2075,138253.26756180017
615,2076,134236.79359791774
616,2077,139983.25061774487
617,2078,113700.41246815794
618,2079,154893.7001034377
619,2080,128310.82277061608
620,2081,132194.576407379
621,2082,114016.05644295466
622,2083,132581.78453079215
623,2084,113635.9023394532
624,2085,111923.73445660426
625,2086,147326.36744662264
626,2087,126151.21516718584
627,2088,91396.27383184619
628,2089,77699.39528682809
629,2090,139645.26539227852
630,2091,109813.30333357185
631,2092,138225.95302918894
632,2093,169729.7107932962
633,2094,135759.37533010147
634,2095,250252.14707824468
635,2096,89954.44903502072
636,2097,79298.93531079273
637,2098,168794.40351555118
638,2099,10969.26732765048
639,2100,17827.129545130738
640,2101,142241.48378973795
641,2102,159828.87880313635
642,2103,109531.98044135536
643,2104,115893.52831875451
644,2105,112227.44594023771
645,2106,22827.696462164284
646,2107,224376.4367291637
647,2108,116551.33972406686
648,2109,92485.50885196062
649,2110,102616.11857076855
650,2111,182418.6258771704
651,2112,113745.31028765565
652,2113,129058.45345043496
653,2114,129484.61085587778
654,2115,163171.94554817287
655,2116,120970.66137542407
656,2117,138892.0575751298
657,2118,148277.7281637143
658,2119,119724.13471478321
659,2120,116670.28241166046
660,2121,84481.00055642104
661,2122,105133.63626919288
662,2123,116298.36755944301
663,2124,173781.74075552763
664,2125,125440.23708124792
665,2126,169772.58859341184
666,2127,168584.80720441998
667,2128,136735.17450838228
668,2129,112591.32546154375
669,2130,145468.4910387976
670,2131,179121.2362534794
671,2132,122961.57673798168
672,2133,129657.00202895283
673,2134,142940.44046352798
674,2135,107690.64067893258
675,2136,56589.210675789116
676,2137,108582.09155778756
677,2138,133263.55441326354
678,2139,168389.53712583103
679,2140,142584.26396647037
680,2141,184044.89579919385
681,2142,116047.26485861892
682,2143,124389.75118409104
683,2144,119812.24582568702
684,2145,146532.1349367758
685,2146,181718.49025859052
686,2147,164935.83768709775
687,2148,144809.01310137036
688,2149,177329.0179604123
689,2150,237909.6604412082
690,2151,147499.37267297393
691,2152,142186.63148068203
692,2153,151210.73299132072
693,2154,79128.94788949935
694,2155,163646.92239268703
695,2156,231303.38879220618
696,2157,226943.477492582
697,2158,248982.1474080435
698,2159,236700.26061767846
699,2160,228453.44530963842
700,2161,265942.26675785205
701,2162,362116.586317212
702,2163,374300.7280750165
703,2164,253450.4753917983
704,2165,187235.8282370347
705,2166,143413.6885509772
706,2167,202439.40763376336
707,2168,192035.57575051056
708,2169,202494.6161807287
709,2170,211256.8380102185
710,2171,137348.46378095815
711,2172,134192.6060149044
712,2173,144541.5383879444
713,2174,241614.61145362462
714,2175,279760.51473004546
715,2176,254929.25037138065
716,2177,252193.71385754866
717,2178,250273.3311901937
718,2179,132061.32596341253
719,2180,187602.4215550465
720,2181,199914.20392072704
721,2182,228965.52797257114
722,2183,206467.29293872922
723,2184,101987.93758599207
724,2185,129194.53473080644
725,2186,164394.53490768804
726,2187,171769.07380547113
727,2188,170679.31476569816
728,2189,338941.4962569858
729,2190,88242.81409921848
730,2191,47788.93526168249
731,2192,27016.349469505803
732,2193,142147.34148305765
733,2194,111421.90257237524
734,2195,86622.28433727664
735,2196,99618.86623887169
736,2197,104356.98202193939
737,2198,191492.14206145905
738,2199,198558.24687509076
739,2200,137503.5087213107
740,2201,136238.47231876454
741,2202,232794.41879605007
742,2203,138814.7658068707
743,2204,164001.1826937194
744,2205,87521.7274033588
745,2206,146317.6530550613
746,2207,261493.37386580522
747,2208,263554.1712820421
748,2209,216470.99845402938
749,2210,149174.57753541303
750,2211,116202.87759047424
751,2212,129913.88983858279
752,2213,113985.13156555666
753,2214,141554.5185529631
754,2215,108047.31538679212
755,2216,144860.94296025776
756,2217,50447.24120524179
757,2218,98432.27545274016
758,2219,92005.7398779782
759,2220,92851.3121424856
760,2221,277519.9979730678
761,2222,243737.73726550472
762,2223,260688.80527928253
763,2224,258510.10854250833
764,2225,133657.80591517393
765,2226,138570.43560412741
766,2227,205378.05813790817
767,2228,264396.52539681544
768,2229,256367.1161266016
769,2230,146803.455208705
770,2231,231920.89410203957
771,2232,206556.7684489101
772,2233,205840.61103266728
773,2234,244538.7152859291
774,2235,176061.1792596829
775,2236,247835.57354959546
776,2237,271314.6341300858
777,2238,221256.87746597343
778,2239,95714.84621455742
779,2240,140565.17312151642
780,2241,142078.07695851696
781,2242,132566.9814247194
782,2243,143386.5566366457
783,2244,90744.97997364569
784,2245,88406.54964671364
785,2246,146298.82636621513
786,2247,144770.84014483076
787,2248,109677.59852924169
788,2249,127380.4679649562
789,2250,142615.45552636194
790,2251,161118.91834479634
791,2252,193875.9411287584
792,2253,186713.20677097182
793,2254,188461.6665570471
794,2255,181002.6867183219
795,2256,190235.17492450314
796,2257,199083.86520831555
797,2258,190647.86398377674
798,2259,184519.97877701893
799,2260,177856.93735697214
800,2261,185957.3718600576
801,2262,190726.84543735438
802,2263,354964.33148552873
803,2264,391046.88048465777
804,2265,226570.71410346264
805,2266,302708.581066453
806,2267,257203.0939927805
807,2268,375251.7163841495
808,2269,139827.27988579674
809,2270,223923.88218945684
810,2271,230971.96283348874
811,2272,237100.15140949236
812,2273,180761.8539959879
813,2274,172187.9871954199
814,2275,201961.2643755587
815,2276,199656.55121835996
816,2277,198671.54354389606
817,2278,150372.79118075647
818,2279,167881.63997002377
819,2280,89073.75045068162
820,2281,178412.16074868888
821,2282,188028.71839967984
822,2283,131525.0537037318
823,2284,195523.95582799753
824,2285,149104.8480096377
825,2286,109327.28585537583
826,2287,343142.8517850983
827,2288,281360.07604534365
828,2289,293164.14885933034
829,2290,371833.50123613677
830,2291,367005.4156870984
831,2292,377400.31933053257
832,2293,378358.1070860622
833,2294,357398.2455885672
834,2295,393436.0219402778
835,2296,278406.05567738204
836,2297,348286.4909763918
837,2298,338960.1929228043
838,2299,361877.78732575197
839,2300,271711.5518756119
840,2301,339349.71280868107
841,2302,235692.28116176848
842,2303,233529.71492388274
843,2304,269675.4575747481
844,2305,190060.10489410663
845,2306,177659.66111868076
846,2307,191173.17538783007
847,2308,271819.6390789684
848,2309,302654.4733456073
849,2310,245656.25201946608
850,2311,206363.81379362114
851,2312,227231.6643063692
852,2313,192471.59378347654
853,2314,216677.1805471106
854,2315,216277.84040180812
855,2316,207535.638908662
856,2317,180876.6556650812
857,2318,191663.00362953029
858,2319,219523.0363006939
859,2320,215156.60902247432
860,2321,249731.5643907808
861,2322,215933.5245507459
862,2323,199182.56718785712
863,2324,223032.77882463275
864,2325,231020.314623693
865,2326,225013.68257406674
866,2327,229183.16662629123
867,2328,230314.45586942253
868,2329,195409.4354258302
869,2330,196310.45576433028
870,2331,293505.51885274105
871,2332,304006.8276409054
872,2333,283497.50818823464
873,2334,245683.8045928157
874,2335,267289.3902855408
875,2336,276912.23109479103
876,2337,213319.8657131805
877,2338,269909.92934522405
878,2339,227515.09465330862
879,2340,373004.3919370802
880,2341,239597.48651402778
881,2342,229798.6893787476
882,2343,230896.1403517544
883,2344,210779.7881009867
884,2345,253736.93659168086
885,2346,235908.14580066738
886,2347,216171.55433400988
887,2348,259791.97164133113
888,2349,211524.07972196274
889,2350,343628.6695703225
890,2351,301395.10167286417
891,2352,240204.25025893384
892,2353,245216.1355481225
893,2354,142477.45448972593
894,2355,146244.78095491772
895,2356,159493.71196136443
896,2357,212663.62110509293
897,2358,195860.18739118942
898,2359,157591.8541045576
899,2360,105170.37125015035
900,2361,136042.2180989132
901,2362,236256.609683708
902,2363,122398.13466124493
903,2364,173142.95195266194
904,2365,229885.64783071907
905,2366,214967.24071283804
906,2367,214976.6483473766
907,2368,207744.54447159416
908,2369,220828.13848139456
909,2370,168486.67443829853
910,2371,146786.91533404274
911,2372,186372.68435078702
912,2373,269120.63321569783
913,2374,293911.86764106643
914,2375,215067.3153068178
915,2376,243593.53846887394
916,2377,268628.27714372205
917,2378,210602.26924328884
918,2379,201807.87988589145
919,2380,161288.5520039745
920,2381,157134.7467735793
921,2382,239238.34326756798
922,2383,219322.5685105967
923,2384,242000.94500507822
924,2385,185852.20912514642
925,2386,132357.46618714018
926,2387,117758.77652002595
927,2388,122197.70996819485
928,2389,145314.94078721077
929,2390,187398.52196518463
930,2391,156721.12174605468
931,2392,114465.96302421202
932,2393,236907.87907967815
933,2394,146157.55638825975
934,2395,208603.332704872
935,2396,161028.4830134628
936,2397,201194.9245580242
937,2398,121963.70552006402
938,2399,23508.939490664576
939,2400,36122.480286196806
940,2401,117975.22565261768
941,2402,128399.39088589337
942,2403,160930.64244544244
943,2404,162929.3366320603
944,2405,163024.57840232283
945,2406,133938.5970567415
946,2407,124762.43151849972
947,2408,154725.56046459678
948,2409,129095.10509808754
949,2410,210472.92131709435
950,2411,115840.84246625817
951,2412,143754.01282430743
952,2413,105878.70001106325
953,2414,198901.3781205476
954,2415,139231.64530382818
955,2416,143328.78121868108
956,2417,140861.9508277531
957,2418,125773.99061644929
958,2419,98320.65856611027
959,2420,130869.25328752234
960,2421,-8133.414663501782
961,2422,131790.39007679245
962,2423,99730.88648749962
963,2424,156262.06767003232
964,2425,204867.52868060273
965,2426,131201.53215195876
966,2427,119281.81224712062
967,2428,186447.2334202725
968,2429,98725.42659412196
969,2430,127866.29004881371
970,2431,123413.56740034399
971,2432,137187.98935661648
972,2433,132066.38224412757
973,2434,111996.36082679077
974,2435,140191.60033746855
975,2436,112881.86271568201
976,2437,103226.34142920496
977,2438,123895.25663058748
978,2439,109108.58316089572
979,2440,129748.9883509001
980,2441,93899.37384766988
981,2442,91475.3463833555
982,2443,157450.9167480124
983,2444,147503.49750789203
984,2445,69005.45307054555
985,2446,137539.6673878009
986,2447,234128.27285643984
987,2448,162290.87469678588
988,2449,116975.0209588813
989,2450,160626.00274474404
990,2451,85585.85076497615
991,2452,232766.59180418166
992,2453,93640.00531913624
993,2454,130695.26823112875
994,2455,143331.6633018016
995,2456,119075.48950349164
996,2457,169313.63664214473
997,2458,160143.40507395586
998,2459,99342.09695848063
999,2460,139933.248707382
1000,2461,123829.82649457795
1001,2462,118665.06431545981
1002,2463,126989.06237530507
1003,2464,190794.07325096132
1004,2465,179329.40968745414
1005,2466,120908.79803616877
1006,2467,174408.09427311085
1007,2468,143876.9743738916
1008,2469,117856.95241129152
1009,2470,229095.9589225807
1010,2471,235218.51288388565
1011,2472,170859.68705902167
1012,2473,78551.99175490925
1013,2474,63060.48982048732
1014,2475,224439.15005811217
1015,2476,89126.89459127393
1016,2477,118830.26401259679
1017,2478,152053.38284631312
1018,2479,93073.86399564032
1019,2480,166976.24211527396
1020,2481,112202.80027616155
1021,2482,140785.20575114715
1022,2483,102487.01406374606
1023,2484,121988.40988081283
1024,2485,140420.41810212648
1025,2486,135290.8778610141
1026,2487,220306.53070238608
1027,2488,198266.32158678962
1028,2489,171775.84569859254
1029,2490,152085.16511612548
1030,2491,97692.74633474645
1031,2492,198971.12802611524
1032,2493,187324.96144371675
1033,2494,172939.08454999377
1034,2495,88226.87636695789
1035,2496,222805.7472034135
1036,2497,157529.0479839318
1037,2498,113963.10376953191
1038,2499,80183.83797894005
1039,2500,117602.54146462468
1040,2501,131353.7796135352
1041,2502,142999.95771244442
1042,2503,108138.93160492729
1043,2504,72917.99144261263
1044,2505,261921.68845193362
1045,2506,278379.23383819475
1046,2507,281547.46948237345
1047,2508,279877.2187350252
1048,2509,234582.31429428753
1049,2510,250918.01529134123
1050,2511,201936.87062265747
1051,2512,217132.97053125553
1052,2513,228440.53880700163
1053,2514,238212.8125532152
1054,2515,154773.63228820253
1055,2516,188661.43843502383
1056,2517,129651.05094949274
1057,2518,136598.8975736763
1058,2519,231730.51657390056
1059,2520,222313.0501347832
1060,2521,214147.38440830077
1061,2522,224042.56693479314
1062,2523,108976.31900450255
1063,2524,148380.63341414364
1064,2525,170966.2905546324
1065,2526,133001.10074798495
1066,2527,110856.72659108278
1067,2528,165713.31548040523
1068,2529,176569.9653730829
1069,2530,134035.61795391393
1070,2531,230585.0915274666
1071,2532,229939.88199680974
1072,2533,213450.71764940408
1073,2534,245075.3391143591
1074,2535,249019.590610372
1075,2536,250597.05209437007
1076,2537,226944.74271935795
1077,2538,226984.43937957252
1078,2539,195117.55542614366
1079,2540,202573.79721166214
1080,2541,219029.1288651057
1081,2542,159357.36590443033
1082,2543,105269.91831581735
1083,2544,88085.02337280773
1084,2545,163218.47486738925
1085,2546,150306.02737586005
1086,2547,177663.33464143693
1087,2548,170323.89067230187
1088,2549,146829.42682634087
1089,2550,527805.4376877553
1090,2551,155697.17763130803
1091,2552,114924.8533587626
1092,2553,59532.265481092676
1093,2554,99704.50037845547
1094,2555,121653.5602904272
1095,2556,88756.8976144255
1096,2557,77360.68022442122
1097,2558,191865.44706258678
1098,2559,107522.29147876371
1099,2560,162432.40736134292
1100,2561,144881.06334483088
1101,2562,173966.81550789144
1102,2563,138634.73541769426
1103,2564,200346.76793000198
1104,2565,156915.2453772992
1105,2566,124126.45625915249
1106,2567,126441.04640726189
1107,2568,208492.06443476322
1108,2569,267196.4164110238
1109,2570,149184.96532856082
1110,2571,163611.06214539622
1111,2572,166835.18809481346
1112,2573,243536.02216210053
1113,2574,172834.1865290536
1114,2575,164878.43066609034
1115,2576,96736.85050999404
1116,2577,134032.1115626442
1117,2578,87190.23700372309
1118,2579,23629.361353073706
1119,2580,105931.37103194055
1120,2581,119790.36091959229
1121,2582,116909.2544742347
1122,2583,225746.37587789458
1123,2584,184118.50950601156
1124,2585,188181.47808171704
1125,2586,195022.38686728038
1126,2587,198600.41495846646
1127,2588,158748.16623935098
1128,2589,160566.40396808027
1129,2590,197567.33389065886
1130,2591,220889.12383635697
1131,2592,220293.9579038852
1132,2593,275247.5327677909
1133,2594,205050.87205322497
1134,2595,205807.88191651768
1135,2596,251858.80569269296
1136,2597,196829.16800661865
1137,2598,266221.82582132623
1138,2599,382964.8495364714
1139,2600,32697.273349848954
1140,2601,120952.50421596879
1141,2602,69145.13110688802
1142,2603,66756.19059528782
1143,2604,67519.16993871362
1144,2605,77706.08128154495
1145,2606,146258.37608494717
1146,2607,192894.02029051038
1147,2608,217585.32158559104
1148,2609,164656.48662102848
1149,2610,96211.55769369905
1150,2611,104371.38585084384
1151,2612,143707.95482792408
1152,2613,111744.53343800068
1153,2614,114018.53602781404
1154,2615,150903.29283420165
1155,2616,166843.68153459742
1156,2617,183802.4567638606
1157,2618,261699.50508638192
1158,2619,224784.3057919612
1159,2620,179911.21079513506
1160,2621,193829.21680244314
1161,2622,190252.8248027784
1162,2623,248658.092359645
1163,2624,285383.51488866017
1164,2625,261579.50541999302
1165,2626,178429.73236496715
1166,2627,183341.24090751377
1167,2628,403343.44723901374
1168,2629,411890.3157781615
1169,2630,336916.5618696028
1170,2631,411635.29385670635
1171,2632,388328.9579711908
1172,2633,264722.66198495973
1173,2634,363817.05591687676
1174,2635,166748.5161965023
1175,2636,215832.22706290253
1176,2637,179346.61878629474
1177,2638,252011.27364517195
1178,2639,223300.65782506965
1179,2640,166646.33786099716
1180,2641,93561.11166395323
1181,2642,162733.43077669607
1182,2643,140139.78521781016
1183,2644,158625.0663790466
1184,2645,141745.89690024336
1185,2646,116538.65706879707
1186,2647,125099.053690918
1187,2648,144428.7194687383
1188,2649,136927.50303517422
1189,2650,148791.52956483883
1190,2651,164068.11457760583
1191,2652,392351.15743531764
1192,2653,267494.23238523724
1193,2654,259729.91498890758
1194,2655,352969.267983633
1195,2656,375184.4023277962
1196,2657,337337.90766323474
1197,2658,324939.40887830214
1198,2659,299029.2341971047
1199,2660,358039.2808466512
1200,2661,297633.5814512555
1201,2662,340776.4110412912
1202,2663,289935.0779559102
1203,2664,299558.78645890136
1204,2665,338741.3187587678
1205,2666,265948.32783809444
1206,2667,227257.55693224302
1207,2668,236179.4646013138
1208,2669,194388.97409968573
1209,2670,291952.52233171096
1210,2671,234529.8388492697
1211,2672,217118.90991848373
1212,2673,190771.86001571434
1213,2674,213623.75589332182
1214,2675,204557.47230590717
1215,2676,222701.91576047166
1216,2677,216572.19772933944
1217,2678,255158.00588038808
1218,2679,267489.09838679776
1219,2680,262333.36630604847
1220,2681,348632.10834420973
1221,2682,280198.4470543325
1222,2683,401010.24031123624
1223,2684,283881.0336956393
1224,2685,274196.8805878679
1225,2686,285016.06067362207
1226,2687,282411.4743534474
1227,2688,246473.72871782008
1228,2689,226725.10833029286
1229,2690,404925.83944531064
1230,2691,198135.23334932132
1231,2692,127364.59224100695
1232,2693,220661.2205922333
1233,2694,158750.96809364518
1234,2695,221174.13423678803
1235,2696,208933.61541899852
1236,2697,191950.92564398044
1237,2698,178880.03365161672
1238,2699,165101.93661101413
1239,2700,162628.0899825038
1240,2701,180005.7614823723
1241,2702,133606.94043022738
1242,2703,192571.4483026809
1243,2704,153880.5153376174
1244,2705,105052.09347133424
1245,2706,104255.72252817612
1246,2707,125529.28115189739
1247,2708,117369.17735122862
1248,2709,99138.81391348038
1249,2710,133159.19953312667
1250,2711,13664.303444796271
1251,2712,316449.817113127
1252,2713,194169.76208553286
1253,2714,171873.92221590166
1254,2715,151039.5764206252
1255,2716,175012.52172088824
1256,2717,203550.48259658983
1257,2718,231513.62252207735
1258,2719,161769.32437897468
1259,2720,197084.6621258064
1260,2721,131778.81697560582
1261,2722,146475.9821425327
1262,2723,154565.28257032996
1263,2724,122159.8680485218
1264,2725,115174.77413010948
1265,2726,142280.2481199882
1266,2727,200232.14127214727
1267,2728,183979.46272075543
1268,2729,157746.02975312513
1269,2730,133394.2466541148
1270,2731,140382.71884582753
1271,2732,133503.3656014749
1272,2733,157369.24678375965
1273,2734,107906.62140740166
1274,2735,138539.9048578518
1275,2736,150478.7303482567
1276,2737,118215.18312332583
1277,2738,142668.88197390758
1278,2739,176499.6429255394
1279,2740,149717.43038680137
1280,2741,129017.6789462996
1281,2742,193018.0439983911
1282,2743,139090.3863513095
1283,2744,160671.07841621884
1284,2745,153684.16356715205
1285,2746,117627.77603729251
1286,2747,164102.13662125746
1287,2748,156835.67674018999
1288,2749,138748.5296982407
1289,2750,127953.29565392216
1290,2751,112455.87186447832
1291,2752,243015.6432157268
1292,2753,151799.45877897652
1293,2754,231172.60754411467
1294,2755,171319.7996581794
1295,2756,101818.3485357933
1296,2757,37463.81859997517
1297,2758,89632.47300574087
1298,2759,192341.62261304155
1299,2760,108063.71905965242
1300,2761,148134.85806644883
1301,2762,139861.78762029947
1302,2763,188877.64275398644
1303,2764,185737.3094607654
1304,2765,276090.50230729964
1305,2766,128207.59196588154
1306,2767,78421.18502401152
1307,2768,105268.03894756516
1308,2769,105957.72014943426
1309,2770,172548.82921086324
1310,2771,108371.82465435594
1311,2772,91536.45793154869
1312,2773,188148.3369713131
1313,2774,125529.50829211411
1314,2775,133477.18755389628
1315,2776,159486.2500752289
1316,2777,173311.98793256274
1317,2778,152713.5793361221
1318,2779,129295.49389400003
1319,2780,92287.82564631711
1320,2781,90404.92272298558
1321,2782,93874.51727954394
1322,2783,70061.60028514822
1323,2784,134291.85140900005
1324,2785,147065.44535766554
1325,2786,23075.258052453457
1326,2787,137471.3942543922
1327,2788,53762.45260755932
1328,2789,189540.69695011838
1329,2790,120179.55100416658
1330,2791,125526.74752126588
1331,2792,-13355.414137470536
1332,2793,191743.80634942447
1333,2794,66941.50737578371
1334,2795,118758.40330038003
1335,2796,84233.3091563342
1336,2797,226455.8946317043
1337,2798,103915.79752708282
1338,2799,115965.73464685808
1339,2800,58663.245877697525
1340,2801,108549.94166026026
1341,2802,141733.3221886654
1342,2803,167526.00260464702
1343,2804,156481.36693308532
1344,2805,118422.93773596353
1345,2806,55704.151805439484
1346,2807,149770.48133380275
1347,2808,153158.28010404724
1348,2809,129528.29399957006
1349,2810,112616.67392336823
1350,2811,157035.17747652606
1351,2812,170753.86397604208
1352,2813,159590.6000272492
1353,2814,157838.61156319722
1354,2815,113434.01741885912
1355,2816,219043.4816079972
1356,2817,155182.56040031335
1357,2818,135562.1046439035
1358,2819,189286.46013620964
1359,2820,129449.14158410486
1360,2821,117111.2946383677
1361,2822,252506.3821256393
1362,2823,235196.22225655685
1363,2824,163314.97177332966
1364,2825,144252.57968843615
1365,2826,141625.6578663544
1366,2827,140671.671396225
1367,2828,260637.00621520303
1368,2829,229124.16305443394
1369,2830,249681.0985000821
1370,2831,198840.22123725008
1371,2832,218688.34948951585
1372,2833,304584.0957614237
1373,2834,246020.40963505412
1374,2835,228079.67077251012
1375,2836,207158.2570798078
1376,2837,164971.6038946394
1377,2838,141348.02823056813
1378,2839,197483.73705085242
1379,2840,182992.45156592742
1380,2841,213393.89584372094
1381,2842,234928.0871814101
1382,2843,143166.4106169134
1383,2844,181770.66105000343
1384,2845,124269.00951776584
1385,2846,206753.31582280042
1386,2847,199208.1652079174
1387,2848,215779.6227093077
1388,2849,222082.4453339243
1389,2850,269559.9624265956
1390,2851,260371.74288218416
1391,2852,247312.10763671
1392,2853,240779.62768242098
1393,2854,143351.07218517162
1394,2855,213238.54839114667
1395,2856,228634.2563596024
1396,2857,204147.80527258676
1397,2858,212513.0398186407
1398,2859,117396.3900704956
1399,2860,139867.15510679435
1400,2861,106538.27508547372
1401,2862,239377.78500688192
1402,2863,117290.33172332846
1403,2864,253408.29624318596
1404,2865,154427.73397066805
1405,2866,197031.86562199495
1406,2867,94930.68977458951
1407,2868,153047.87599163863
1408,2869,128513.53658302879
1409,2870,138822.0035830241
1410,2871,67304.30457851743
1411,2872,-5415.873979317781
1412,2873,85753.68745464136
1413,2874,111578.90554812501
1414,2875,130223.81562342055
1415,2876,187580.81671633266
1416,2877,142922.85616594827
1417,2878,172775.18470851704
1418,2879,145721.70830326795
1419,2880,96851.14628716037
1420,2881,171406.515111969
1421,2882,155835.22857594464
1422,2883,199161.86754384823
1423,2884,234815.35544886964
1424,2885,200818.67644706878
1425,2886,215686.3397431204
1426,2887,124912.7911163819
1427,2888,157455.41438337843
1428,2889,34916.87679609403
1429,2890,61930.844254903495
1430,2891,153901.37712809799
1431,2892,23934.847926500108
1432,2893,101238.14635220818
1433,2894,49066.035238260665
1434,2895,278588.65650046896
1435,2896,217032.05997411994
1436,2897,207133.7016506938
1437,2898,190218.11418868712
1438,2899,229891.66824465536
1439,2900,171290.5533027249
1440,2901,234667.9306080209
1441,2902,187616.00275171865
1442,2903,301227.38827771647
1443,2904,362503.11031649436
1444,2905,66267.08034348144
1445,2906,213947.11206973944
1446,2907,119998.65567979154
1447,2908,122294.941067316
1448,2909,171827.8565551873
1449,2910,44037.23065563533
1450,2911,69116.78702180136
1451,2912,160314.68131991243
1452,2913,67772.28938333188
1453,2914,56662.522719595305
1454,2915,68771.77629720903
1455,2916,79700.54427396375
1456,2917,177636.34206896272
1457,2918,105377.21338161227
1458,2919,251400.9276924868
